A =    18743.049425
B =    5931.0232330
C =    4638.8246210
eaa = -120.71580000
ebb = -51.276800000
ecc =  1.6863000000
vtcalc = 0
Nmax = 15